---- day24::part2 stdout ----
                        0.0000                      123.0000                       70.0000                        0.0000          -18136642610139.0000           66359396320490.0000        65209315628110112.0000
                     -123.0000                        0.0000                       31.0000           18136642610139.0000                        0.0000           84181829278877.0000       -30253595550447468.0000
                      -70.0000                      -31.0000                        0.0000          -66359396320490.0000          -84181829278877.0000                        0.0000       -17264033696847148.0000
                        0.0000                     -217.0000                     -480.0000                        0.0000         -171651410184079.0000           13326517646440.0000      -134444903601661072.0000
                      217.0000                        0.0000                     -169.0000          171651410184079.0000                        0.0000          113994340650809.0000        40797154624170344.0000
                      480.0000                      169.0000                        0.0000          -13326517646440.0000         -113994340650809.0000                        0.0000       251663688066937376.0000

swap 0 1
                     -123.0000                        0.0000                       31.0000           18136642610139.0000                        0.0000           84181829278877.0000       -30253595550447468.0000
                        0.0000                      123.0000                       70.0000                        0.0000          -18136642610139.0000           66359396320490.0000        65209315628110112.0000
                      -70.0000                      -31.0000                        0.0000          -66359396320490.0000          -84181829278877.0000                        0.0000       -17264033696847148.0000
                        0.0000                     -217.0000                     -480.0000                        0.0000         -171651410184079.0000           13326517646440.0000      -134444903601661072.0000
                      217.0000                        0.0000                     -169.0000          171651410184079.0000                        0.0000          113994340650809.0000        40797154624170344.0000
                      480.0000                      169.0000                        0.0000          -13326517646440.0000         -113994340650809.0000                        0.0000       251663688066937376.0000

sub 0.5691056910569106 times 0 from 2
                     -123.0000                        0.0000                       31.0000           18136642610139.0000                        0.0000           84181829278877.0000       -30253595550447468.0000
                        0.0000                      123.0000                       70.0000                        0.0000          -18136642610139.0000           66359396320490.0000        65209315628110112.0000
                        0.0000                      -31.0000                      -17.6423          -76681062846585.3594          -84181829278877.0000          -47908358126190.1641          -46540294153468.0000
                        0.0000                     -217.0000                     -480.0000                        0.0000         -171651410184079.0000           13326517646440.0000      -134444903601661072.0000
                      217.0000                        0.0000                     -169.0000          171651410184079.0000                        0.0000          113994340650809.0000        40797154624170344.0000
                      480.0000                      169.0000                        0.0000          -13326517646440.0000         -113994340650809.0000                        0.0000       251663688066937376.0000

sub -1.7642276422764227 times 0 from 4
                     -123.0000                        0.0000                       31.0000           18136642610139.0000                        0.0000           84181829278877.0000       -30253595550447468.0000
                        0.0000                      123.0000                       70.0000                        0.0000          -18136642610139.0000           66359396320490.0000        65209315628110112.0000
                        0.0000                      -31.0000                      -17.6423          -76681062846585.3594          -84181829278877.0000          -47908358126190.1641          -46540294153468.0000
                        0.0000                     -217.0000                     -480.0000                        0.0000         -171651410184079.0000           13326517646440.0000      -134444903601661072.0000
                        0.0000                        0.0000                     -114.3089          203648576414974.6250                        0.0000          262510250841998.5000       -12577074924180064.0000
                      480.0000                      169.0000                        0.0000          -13326517646440.0000         -113994340650809.0000                        0.0000       251663688066937376.0000

sub -3.902439024390244 times 0 from 5
                     -123.0000                        0.0000                       31.0000           18136642610139.0000                        0.0000           84181829278877.0000       -30253595550447468.0000
                        0.0000                      123.0000                       70.0000                        0.0000          -18136642610139.0000           66359396320490.0000        65209315628110112.0000
                        0.0000                      -31.0000                      -17.6423          -76681062846585.3594          -84181829278877.0000          -47908358126190.1641          -46540294153468.0000
                        0.0000                     -217.0000                     -480.0000                        0.0000         -171651410184079.0000           13326517646440.0000      -134444903601661072.0000
                        0.0000                        0.0000                     -114.3089          203648576414974.6250                        0.0000          262510250841998.5000       -12577074924180064.0000
                        0.0000                      169.0000                      120.9756           57450624246785.3594         -113994340650809.0000          328514455722446.8125       133600876162752144.0000

sub -0.25203252032520324 times 1 from 2
                     -123.0000                        0.0000                       31.0000           18136642610139.0000                        0.0000           84181829278877.0000       -30253595550447468.0000
                        0.0000                      123.0000                       70.0000                        0.0000          -18136642610139.0000           66359396320490.0000        65209315628110112.0000
                        0.0000                       -0.0000                        0.0000          -76681062846585.3594          -88752853026147.8125          -31183632224278.0508        16388327872280786.0000
                        0.0000                     -217.0000                     -480.0000                        0.0000         -171651410184079.0000           13326517646440.0000      -134444903601661072.0000
                        0.0000                        0.0000                     -114.3089          203648576414974.6250                        0.0000          262510250841998.5000       -12577074924180064.0000
                        0.0000                      169.0000                      120.9756           57450624246785.3594         -113994340650809.0000          328514455722446.8125       133600876162752144.0000

sub -1.7642276422764227 times 1 from 3
                     -123.0000                        0.0000                       31.0000           18136642610139.0000                        0.0000           84181829278877.0000       -30253595550447468.0000
                        0.0000                      123.0000                       70.0000                        0.0000          -18136642610139.0000           66359396320490.0000        65209315628110112.0000
                        0.0000                       -0.0000                        0.0000          -76681062846585.3594          -88752853026147.8125          -31183632224278.0508        16388327872280786.0000
                        0.0000                        0.0000                     -356.5041                        0.0000         -203648576414974.6250          130399598959824.7969       -19400826436621280.0000
                        0.0000                        0.0000                     -114.3089          203648576414974.6250                        0.0000          262510250841998.5000       -12577074924180064.0000
                        0.0000                      169.0000                      120.9756           57450624246785.3594         -113994340650809.0000          328514455722446.8125       133600876162752144.0000

sub 1.3739837398373984 times 1 from 5
                     -123.0000                        0.0000                       31.0000           18136642610139.0000                        0.0000           84181829278877.0000       -30253595550447468.0000
                        0.0000                      123.0000                       70.0000                        0.0000          -18136642610139.0000           66359396320490.0000        65209315628110112.0000
                        0.0000                       -0.0000                        0.0000          -76681062846585.3594          -88752853026147.8125          -31183632224278.0508        16388327872280786.0000
                        0.0000                        0.0000                     -356.5041                        0.0000         -203648576414974.6250          130399598959824.7969       -19400826436621280.0000
                        0.0000                        0.0000                     -114.3089          203648576414974.6250                        0.0000          262510250841998.5000       -12577074924180064.0000
                        0.0000                        0.0000                       24.7967           57450624246785.3594          -89074888609235.9062          237337724192667.8750        44004336803804096.0000

swap 2 3
                     -123.0000                        0.0000                       31.0000           18136642610139.0000                        0.0000           84181829278877.0000       -30253595550447468.0000
                        0.0000                      123.0000                       70.0000                        0.0000          -18136642610139.0000           66359396320490.0000        65209315628110112.0000
                        0.0000                        0.0000                     -356.5041                        0.0000         -203648576414974.6250          130399598959824.7969       -19400826436621280.0000
                        0.0000                       -0.0000                        0.0000          -76681062846585.3594          -88752853026147.8125          -31183632224278.0508        16388327872280786.0000
                        0.0000                        0.0000                     -114.3089          203648576414974.6250                        0.0000          262510250841998.5000       -12577074924180064.0000
                        0.0000                        0.0000                       24.7967           57450624246785.3594          -89074888609235.9062          237337724192667.8750        44004336803804096.0000

sub 0.3206385404789054 times 2 from 4
                     -123.0000                        0.0000                       31.0000           18136642610139.0000                        0.0000           84181829278877.0000       -30253595550447468.0000
                        0.0000                      123.0000                       70.0000                        0.0000          -18136642610139.0000           66359396320490.0000        65209315628110112.0000
                        0.0000                        0.0000                     -356.5041                        0.0000         -203648576414974.6250          130399598959824.7969       -19400826436621280.0000
                        0.0000                       -0.0000                        0.0000          -76681062846585.3594          -88752853026147.8125          -31183632224278.0508        16388327872280786.0000
                        0.0000                        0.0000                        0.0000          203648576414974.6250           65297582312304.2969          220699113752485.6875        -6356422251457254.0000
                        0.0000                        0.0000                       24.7967           57450624246785.3594          -89074888609235.9062          237337724192667.8750        44004336803804096.0000

sub -0.06955530216647658 times 2 from 5
                     -123.0000                        0.0000                       31.0000           18136642610139.0000                        0.0000           84181829278877.0000       -30253595550447468.0000
                        0.0000                      123.0000                       70.0000                        0.0000          -18136642610139.0000           66359396320490.0000        65209315628110112.0000
                        0.0000                        0.0000                     -356.5041                        0.0000         -203648576414974.6250          130399598959824.7969       -19400826436621280.0000
                        0.0000                       -0.0000                        0.0000          -76681062846585.3594          -88752853026147.8125          -31183632224278.0508        16388327872280786.0000
                        0.0000                        0.0000                        0.0000          203648576414974.6250           65297582312304.2969          220699113752485.6875        -6356422251457254.0000
                        0.0000                        0.0000                        0.0000           57450624246785.3594         -103239726877552.2656          246407707700705.8438        42654906458725536.0000

sub -2.6557870855599806 times 3 from 4
                     -123.0000                        0.0000                       31.0000           18136642610139.0000                        0.0000           84181829278877.0000       -30253595550447468.0000
                        0.0000                      123.0000                       70.0000                        0.0000          -18136642610139.0000           66359396320490.0000        65209315628110112.0000
                        0.0000                        0.0000                     -356.5041                        0.0000         -203648576414974.6250          130399598959824.7969       -19400826436621280.0000
                        0.0000                       -0.0000                        0.0000          -76681062846585.3594          -88752853026147.8125          -31183632224278.0508        16388327872280786.0000
                        0.0000                       -0.0000                        0.0000                        0.0000         -170411098561142.1250          137882026010395.9844        37167487265668728.0000
                        0.0000                        0.0000                        0.0000           57450624246785.3594         -103239726877552.2656          246407707700705.8438        42654906458725536.0000

sub -0.749215283592586 times 3 from 5
                     -123.0000                        0.0000                       31.0000           18136642610139.0000                        0.0000           84181829278877.0000       -30253595550447468.0000
                        0.0000                      123.0000                       70.0000                        0.0000          -18136642610139.0000           66359396320490.0000        65209315628110112.0000
                        0.0000                        0.0000                     -356.5041                        0.0000         -203648576414974.6250          130399598959824.7969       -19400826436621280.0000
                        0.0000                       -0.0000                        0.0000          -76681062846585.3594          -88752853026147.8125          -31183632224278.0508        16388327872280786.0000
                        0.0000                       -0.0000                        0.0000                        0.0000         -170411098561142.1250          137882026010395.9844        37167487265668728.0000
                        0.0000                       -0.0000                        0.0000                       -0.0078         -169734720827188.7188          223044453840346.4688        54933292173164672.0000

sub 0.9960309056178596 times 4 from 5
                     -123.0000                        0.0000                       31.0000           18136642610139.0000                        0.0000           84181829278877.0000       -30253595550447468.0000
                        0.0000                      123.0000                       70.0000                        0.0000          -18136642610139.0000           66359396320490.0000        65209315628110112.0000
                        0.0000                        0.0000                     -356.5041                        0.0000         -203648576414974.6250          130399598959824.7969       -19400826436621280.0000
                        0.0000                       -0.0000                        0.0000          -76681062846585.3594          -88752853026147.8125          -31183632224278.0508        16388327872280786.0000
                        0.0000                       -0.0000                        0.0000                        0.0000         -170411098561142.1250          137882026010395.9844        37167487265668728.0000
                        0.0000                        0.0000                        0.0000                       -0.0078                        0.0000           85709694604786.4844        17913326172400384.0000